base_stations:
  - id: 41341 # mobile battery
    latitude: 30.629432 # powerline pole
    longitude: -96.476041
  - id: 41602
    latitude: 30.621299 # MCC tower
    longitude: -96.484742
  - id: 41628
    latitude: 30.633482 # OTA tower
    longitude: -96.487490

origin:
    latitude: 30.6319022476
    longitude: -96.4820809338
